Global

  X1     Y1    Z1
[[ 15.   15.   30. ]
 [ 15.   15.    0. ]
 [  0.   15.    0. ]
 [  0.   15.   30. ]
 [ 15.   15.   15. ]
 [  0.   15.   15. ]
 [ 15.   15.    7.5]
 [  7.5  15.   30. ]
 [ 15.   15.   22.5]
 [  7.5  15.   22.5]
 [  7.5  15.   15. ]
 [  0.   15.   22.5]
 [  7.5  15.    7.5]
 [  7.5  15.    0. ]
 [  0.   15.    7.5]]

   X2     Y2     Z2
[[ 15.    15.    30.  ]   
 [ 15.    15.     0.  ]
 [  0.    15.     0.  ]
 [  0.    15.    30.  ]
 [ 15.    15.    10.  ]
 [ 15.    15.    20.  ]
 [  7.5   15.     0.  ]
 [  7.5   15.    30.  ]
 [  0.    15.    10.  ]
 [  0.    15.    20.  ]
 [  7.5   15.    20.  ]
 [  7.5   15.    10.  ]
 [ 11.25  15.    10.  ]
 [ 11.25  15.     5.  ]
 [ 15.    15.     5.  ]
 [ 11.25  15.     0.  ]
 [  7.5   15.     5.  ]
 [  0.    15.    15.  ]
 [  7.5   15.    25.  ]
 [  3.75  15.    30.  ]
 [  3.75  15.    25.  ]
 [  0.    15.    25.  ]
 [  3.75  15.    10.  ]
 [  0.    15.     5.  ]
 [  3.75  15.     0.  ]
 [  3.75  15.     5.  ]
 [ 11.25  15.    20.  ]
 [ 11.25  15.    30.  ]
 [ 11.25  15.    25.  ]
 [ 15.    15.    25.  ]
 [ 11.25  15.    15.  ]
 [ 15.    15.    15.  ]
 [  7.5   15.    15.  ]
 [  3.75  15.    15.  ]
 [  3.75  15.    20.  ]]


          D1               D2              D3  
[[ -0.00000000e+00  -0.00000000e+00  -0.00000000e+00]
 [  0.00000000e+00  -0.00000000e+00  -6.00000000e+00]
 [  1.00000000e+01   0.00000000e+00  -6.00000000e+00]
 [  1.00000000e+01  -0.00000000e+00  -0.00000000e+00]
 [ -0.00000000e+00   0.00000000e+00  -3.00000000e+00]
 [  1.00000000e+01   0.00000000e+00  -3.00000000e+00]
 [  2.50000000e-33   0.00000000e+00  -4.50000000e+00]
 [  5.00000000e+00   0.00000000e+00  -0.00000000e+00]
 [  2.50000000e-33   0.00000000e+00  -1.50000000e+00]
 [  5.00000000e+00  -0.00000000e+00  -1.50000000e+00]
 [  5.00000000e+00   0.00000000e+00  -3.00000000e+00]
 [  1.00000000e+01   0.00000000e+00  -1.50000000e+00]
 [  5.00000000e+00   0.00000000e+00  -4.50000000e+00]
 [  5.00000000e+00  -0.00000000e+00  -6.00000000e+00]
 [  1.00000000e+01   0.00000000e+00  -4.50000000e+00]]
